    6
MH938450.1 0.000000 1.121246 1.084743 1.068948 1.063631 1.064765
NC_019843. 1.121246 0.000000 0.880067 0.873630 0.875070 0.872514
NC_004718. 1.084743 0.880067 0.000000 0.258009 0.250691 0.248818
MT072864.1 1.068948 0.873630 0.258009 0.000000 0.170037 0.167845
MN996532.1 1.063631 0.875070 0.250691 0.170037 0.000000 0.039710
NC_045512. 1.064765 0.872514 0.248818 0.167845 0.039710 0.000000
    6
MH938450.1 0.000000 1.118673 1.062395 1.053936 1.053642 1.050525
NC_019843. 1.118673 0.000000 0.874127 0.875211 0.870282 0.868926
NC_004718. 1.062395 0.874127 0.000000 0.256461 0.251582 0.250298
MT072864.1 1.053936 0.875211 0.256461 0.000000 0.171018 0.170177
MN996532.1 1.053642 0.870282 0.251582 0.171018 0.000000 0.039796
NC_045512. 1.050525 0.868926 0.250298 0.170177 0.039796 0.000000
    6
MH938450.1 0.000000 1.115282 1.056865 1.035744 1.014944 1.011837
NC_019843. 1.115282 0.000000 0.880372 0.866708 0.861759 0.859167
NC_004718. 1.056865 0.880372 0.000000 0.252504 0.247781 0.244303
MT072864.1 1.035744 0.866708 0.252504 0.000000 0.169181 0.165879
MN996532.1 1.014944 0.861759 0.247781 0.169181 0.000000 0.039623
NC_045512. 1.011837 0.859167 0.244303 0.165879 0.039623 0.000000
    6
MH938450.1 0.000000 1.096178 1.068346 1.047416 1.035808 1.029114
NC_019843. 1.096178 0.000000 0.872979 0.864387 0.866735 0.867512
NC_004718. 1.068346 0.872979 0.000000 0.254843 0.249578 0.247575
MT072864.1 1.047416 0.864387 0.254843 0.000000 0.166546 0.166375
MN996532.1 1.035808 0.866735 0.249578 0.166546 0.000000 0.038911
NC_045512. 1.029114 0.867512 0.247575 0.166375 0.038911 0.000000
    6
MH938450.1 0.000000 1.113751 1.063360 1.046649 1.023361 1.021753
NC_019843. 1.113751 0.000000 0.867488 0.862407 0.860412 0.864499
NC_004718. 1.063360 0.867488 0.000000 0.251901 0.248171 0.246316
MT072864.1 1.046649 0.862407 0.251901 0.000000 0.170108 0.169492
MN996532.1 1.023361 0.860412 0.248171 0.170108 0.000000 0.036932
NC_045512. 1.021753 0.864499 0.246316 0.169492 0.036932 0.000000
    6
MH938450.1 0.000000 1.083702 1.035195 1.032004 1.035452 1.022160
NC_019843. 1.083702 0.000000 0.885006 0.876222 0.867703 0.862259
NC_004718. 1.035195 0.885006 0.000000 0.259912 0.251858 0.248578
MT072864.1 1.032004 0.876222 0.259912 0.000000 0.166969 0.165797
MN996532.1 1.035452 0.867703 0.251858 0.166969 0.000000 0.037480
NC_045512. 1.022160 0.862259 0.248578 0.165797 0.037480 0.000000
    6
MH938450.1 0.000000 1.115276 1.057198 1.049415 1.036113 1.029147
NC_019843. 1.115276 0.000000 0.874914 0.874696 0.866911 0.866940
NC_004718. 1.057198 0.874914 0.000000 0.252805 0.245082 0.243463
MT072864.1 1.049415 0.874696 0.252805 0.000000 0.164924 0.161118
MN996532.1 1.036113 0.866911 0.245082 0.164924 0.000000 0.036568
NC_045512. 1.029147 0.866940 0.243463 0.161118 0.036568 0.000000
    6
MH938450.1 0.000000 1.087575 1.042175 1.018086 1.015545 1.019485
NC_019843. 1.087575 0.000000 0.871757 0.879908 0.865305 0.866319
NC_004718. 1.042175 0.871757 0.000000 0.249261 0.247909 0.245730
MT072864.1 1.018086 0.879908 0.249261 0.000000 0.162350 0.162052
MN996532.1 1.015545 0.865305 0.247909 0.162350 0.000000 0.038353
NC_045512. 1.019485 0.866319 0.245730 0.162052 0.038353 0.000000
    6
MH938450.1 0.000000 1.124986 1.074357 1.047807 1.037191 1.040956
NC_019843. 1.124986 0.000000 0.867002 0.868564 0.869709 0.868235
NC_004718. 1.074357 0.867002 0.000000 0.258764 0.256433 0.254122
MT072864.1 1.047807 0.868564 0.258764 0.000000 0.169467 0.167356
MN996532.1 1.037191 0.869709 0.256433 0.169467 0.000000 0.040742
NC_045512. 1.040956 0.868235 0.254122 0.167356 0.040742 0.000000
    6
MH938450.1 0.000000 1.105982 1.060677 1.024588 1.033541 1.031678
NC_019843. 1.105982 0.000000 0.893340 0.885648 0.878883 0.878977
NC_004718. 1.060677 0.893340 0.000000 0.248494 0.245973 0.242140
MT072864.1 1.024588 0.885648 0.248494 0.000000 0.165775 0.161098
MN996532.1 1.033541 0.878883 0.245973 0.165775 0.000000 0.040256
NC_045512. 1.031678 0.878977 0.242140 0.161098 0.040256 0.000000
    6
MH938450.1 0.000000 1.079151 1.054010 1.040735 1.031751 1.022369
NC_019843. 1.079151 0.000000 0.913953 0.893312 0.897746 0.894267
NC_004718. 1.054010 0.913953 0.000000 0.267753 0.259258 0.253853
MT072864.1 1.040735 0.893312 0.267753 0.000000 0.170804 0.167484
MN996532.1 1.031751 0.897746 0.259258 0.170804 0.000000 0.039178
NC_045512. 1.022369 0.894267 0.253853 0.167484 0.039178 0.000000
    6
MH938450.1 0.000000 1.107087 1.058789 1.041376 1.038020 1.028587
NC_019843. 1.107087 0.000000 0.872781 0.870824 0.873995 0.871635
NC_004718. 1.058789 0.872781 0.000000 0.254772 0.249120 0.248380
MT072864.1 1.041376 0.870824 0.254772 0.000000 0.164563 0.159876
MN996532.1 1.038020 0.873995 0.249120 0.164563 0.000000 0.038939
NC_045512. 1.028587 0.871635 0.248380 0.159876 0.038939 0.000000
    6
MH938450.1 0.000000 1.092611 1.053513 1.052145 1.042273 1.051133
NC_019843. 1.092611 0.000000 0.889779 0.881866 0.879386 0.877366
NC_004718. 1.053513 0.889779 0.000000 0.255043 0.252696 0.251394
MT072864.1 1.052145 0.881866 0.255043 0.000000 0.169009 0.166498
MN996532.1 1.042273 0.879386 0.252696 0.169009 0.000000 0.039526
NC_045512. 1.051133 0.877366 0.251394 0.166498 0.039526 0.000000
    6
MH938450.1 0.000000 1.106781 1.071408 1.059031 1.055135 1.052991
NC_019843. 1.106781 0.000000 0.907454 0.914440 0.916681 0.915151
NC_004718. 1.071408 0.907454 0.000000 0.260384 0.257706 0.253867
MT072864.1 1.059031 0.914440 0.260384 0.000000 0.169745 0.167580
MN996532.1 1.055135 0.916681 0.257706 0.169745 0.000000 0.038943
NC_045512. 1.052991 0.915151 0.253867 0.167580 0.038943 0.000000
    6
MH938450.1 0.000000 1.127771 1.060205 1.067756 1.061639 1.053749
NC_019843. 1.127771 0.000000 0.881373 0.877250 0.880624 0.881575
NC_004718. 1.060205 0.881373 0.000000 0.255648 0.249925 0.245719
MT072864.1 1.067756 0.877250 0.255648 0.000000 0.167636 0.164245
MN996532.1 1.061639 0.880624 0.249925 0.167636 0.000000 0.038342
NC_045512. 1.053749 0.881575 0.245719 0.164245 0.038342 0.000000
    6
MH938450.1 0.000000 1.143493 1.100613 1.057020 1.065259 1.060576
NC_019843. 1.143493 0.000000 0.890162 0.878735 0.882788 0.881798
NC_004718. 1.100613 0.890162 0.000000 0.258624 0.254805 0.251179
MT072864.1 1.057020 0.878735 0.258624 0.000000 0.167792 0.166243
MN996532.1 1.065259 0.882788 0.254805 0.167792 0.000000 0.039609
NC_045512. 1.060576 0.881798 0.251179 0.166243 0.039609 0.000000
    6
MH938450.1 0.000000 1.074918 1.080887 1.057498 1.057567 1.052565
NC_019843. 1.074918 0.000000 0.888660 0.885033 0.874548 0.873105
NC_004718. 1.080887 0.888660 0.000000 0.261234 0.252025 0.247702
MT072864.1 1.057498 0.885033 0.261234 0.000000 0.168102 0.165592
MN996532.1 1.057567 0.874548 0.252025 0.168102 0.000000 0.042325
NC_045512. 1.052565 0.873105 0.247702 0.165592 0.042325 0.000000
    6
MH938450.1 0.000000 1.072633 1.075474 1.057631 1.042225 1.040771
NC_019843. 1.072633 0.000000 0.881758 0.883050 0.881285 0.877858
NC_004718. 1.075474 0.881758 0.000000 0.256345 0.254536 0.251231
MT072864.1 1.057631 0.883050 0.256345 0.000000 0.166337 0.164334
MN996532.1 1.042225 0.881285 0.254536 0.166337 0.000000 0.039159
NC_045512. 1.040771 0.877858 0.251231 0.164334 0.039159 0.000000
    6
MH938450.1 0.000000 1.104344 1.068342 1.060727 1.059908 1.050560
NC_019843. 1.104344 0.000000 0.890460 0.876500 0.880393 0.881068
NC_004718. 1.068342 0.890460 0.000000 0.249694 0.246383 0.242611
MT072864.1 1.060727 0.876500 0.249694 0.000000 0.164177 0.160709
MN996532.1 1.059908 0.880393 0.246383 0.164177 0.000000 0.038887
NC_045512. 1.050560 0.881068 0.242611 0.160709 0.038887 0.000000
    6
MH938450.1 0.000000 1.120077 1.049047 1.057540 1.047386 1.040920
NC_019843. 1.120077 0.000000 0.899779 0.892026 0.896446 0.892443
NC_004718. 1.049047 0.899779 0.000000 0.255882 0.254818 0.251965
MT072864.1 1.057540 0.892026 0.255882 0.000000 0.168903 0.166658
MN996532.1 1.047386 0.896446 0.254818 0.168903 0.000000 0.040431
NC_045512. 1.040920 0.892443 0.251965 0.166658 0.040431 0.000000
    6
MH938450.1 0.000000 1.118666 1.055399 1.043746 1.049333 1.043332
NC_019843. 1.118666 0.000000 0.877942 0.891214 0.887932 0.884493
NC_004718. 1.055399 0.877942 0.000000 0.255992 0.250299 0.245822
MT072864.1 1.043746 0.891214 0.255992 0.000000 0.167831 0.163869
MN996532.1 1.049333 0.887932 0.250299 0.167831 0.000000 0.038252
NC_045512. 1.043332 0.884493 0.245822 0.163869 0.038252 0.000000
    6
MH938450.1 0.000000 1.098159 1.096716 1.067296 1.061671 1.057042
NC_019843. 1.098159 0.000000 0.920150 0.912533 0.906610 0.908561
NC_004718. 1.096716 0.920150 0.000000 0.259420 0.253914 0.249638
MT072864.1 1.067296 0.912533 0.259420 0.000000 0.167998 0.166232
MN996532.1 1.061671 0.906610 0.253914 0.167998 0.000000 0.040079
NC_045512. 1.057042 0.908561 0.249638 0.166232 0.040079 0.000000
    6
MH938450.1 0.000000 1.135880 1.079199 1.048549 1.052286 1.042957
NC_019843. 1.135880 0.000000 0.865097 0.866185 0.868584 0.862848
NC_004718. 1.079199 0.865097 0.000000 0.255840 0.246569 0.245472
MT072864.1 1.048549 0.866185 0.255840 0.000000 0.167670 0.167191
MN996532.1 1.052286 0.868584 0.246569 0.167670 0.000000 0.039472
NC_045512. 1.042957 0.862848 0.245472 0.167191 0.039472 0.000000
    6
MH938450.1 0.000000 1.107059 1.071558 1.047097 1.058086 1.050475
NC_019843. 1.107059 0.000000 0.890725 0.896497 0.887067 0.886509
NC_004718. 1.071558 0.890725 0.000000 0.254213 0.247219 0.246089
MT072864.1 1.047097 0.896497 0.254213 0.000000 0.165262 0.166408
MN996532.1 1.058086 0.887067 0.247219 0.165262 0.000000 0.040459
NC_045512. 1.050475 0.886509 0.246089 0.166408 0.040459 0.000000
    6
MH938450.1 0.000000 1.114585 1.080827 1.063097 1.061165 1.058068
NC_019843. 1.114585 0.000000 0.881352 0.891925 0.889367 0.890577
NC_004718. 1.080827 0.881352 0.000000 0.261886 0.256226 0.252810
MT072864.1 1.063097 0.891925 0.261886 0.000000 0.172903 0.168730
MN996532.1 1.061165 0.889367 0.256226 0.172903 0.000000 0.038649
NC_045512. 1.058068 0.890577 0.252810 0.168730 0.038649 0.000000
    6
MH938450.1 0.000000 1.106772 1.051605 1.048927 1.048821 1.045674
NC_019843. 1.106772 0.000000 0.878645 0.867704 0.881026 0.875782
NC_004718. 1.051605 0.878645 0.000000 0.259057 0.252221 0.247983
MT072864.1 1.048927 0.867704 0.259057 0.000000 0.166795 0.163891
MN996532.1 1.048821 0.881026 0.252221 0.166795 0.000000 0.040210
NC_045512. 1.045674 0.875782 0.247983 0.163891 0.040210 0.000000
    6
MH938450.1 0.000000 1.101485 1.055939 1.027096 1.022893 1.016688
NC_019843. 1.101485 0.000000 0.875453 0.875451 0.864337 0.867428
NC_004718. 1.055939 0.875453 0.000000 0.252762 0.243466 0.243019
MT072864.1 1.027096 0.875451 0.252762 0.000000 0.165569 0.166330
MN996532.1 1.022893 0.864337 0.243466 0.165569 0.000000 0.037504
NC_045512. 1.016688 0.867428 0.243019 0.166330 0.037504 0.000000
    6
MH938450.1 0.000000 1.092950 1.092327 1.054527 1.055210 1.053461
NC_019843. 1.092950 0.000000 0.886079 0.887890 0.878040 0.876335
NC_004718. 1.092327 0.886079 0.000000 0.256025 0.254065 0.251063
MT072864.1 1.054527 0.887890 0.256025 0.000000 0.170648 0.170216
MN996532.1 1.055210 0.878040 0.254065 0.170648 0.000000 0.040470
NC_045512. 1.053461 0.876335 0.251063 0.170216 0.040470 0.000000
    6
MH938450.1 0.000000 1.104170 1.072559 1.042943 1.053313 1.047587
NC_019843. 1.104170 0.000000 0.887626 0.883275 0.884328 0.879063
NC_004718. 1.072559 0.887626 0.000000 0.259936 0.254457 0.249506
MT072864.1 1.042943 0.883275 0.259936 0.000000 0.171334 0.167936
MN996532.1 1.053313 0.884328 0.254457 0.171334 0.000000 0.041092
NC_045512. 1.047587 0.879063 0.249506 0.167936 0.041092 0.000000
    6
MH938450.1 0.000000 1.104519 1.048865 1.037431 1.034890 1.026407
NC_019843. 1.104519 0.000000 0.875825 0.862196 0.871794 0.868356
NC_004718. 1.048865 0.875825 0.000000 0.251776 0.252295 0.248094
MT072864.1 1.037431 0.862196 0.251776 0.000000 0.166058 0.163694
MN996532.1 1.034890 0.871794 0.252295 0.166058 0.000000 0.036085
NC_045512. 1.026407 0.868356 0.248094 0.163694 0.036085 0.000000
    6
MH938450.1 0.000000 1.096489 1.065890 1.069642 1.045456 1.053901
NC_019843. 1.096489 0.000000 0.872654 0.877282 0.876426 0.876436
NC_004718. 1.065890 0.872654 0.000000 0.259194 0.246094 0.242692
MT072864.1 1.069642 0.877282 0.259194 0.000000 0.169450 0.165778
MN996532.1 1.045456 0.876426 0.246094 0.169450 0.000000 0.040772
NC_045512. 1.053901 0.876436 0.242692 0.165778 0.040772 0.000000
    6
MH938450.1 0.000000 1.119241 1.041158 1.032719 1.032137 1.028674
NC_019843. 1.119241 0.000000 0.866668 0.859633 0.859619 0.856527
NC_004718. 1.041158 0.866668 0.000000 0.253377 0.249138 0.247196
MT072864.1 1.032719 0.859633 0.253377 0.000000 0.167416 0.162632
MN996532.1 1.032137 0.859619 0.249138 0.167416 0.000000 0.039647
NC_045512. 1.028674 0.856527 0.247196 0.162632 0.039647 0.000000
    6
MH938450.1 0.000000 1.121227 1.061048 1.045607 1.033558 1.029661
NC_019843. 1.121227 0.000000 0.904399 0.903249 0.906532 0.902099
NC_004718. 1.061048 0.904399 0.000000 0.254955 0.247736 0.243889
MT072864.1 1.045607 0.903249 0.254955 0.000000 0.170423 0.166184
MN996532.1 1.033558 0.906532 0.247736 0.170423 0.000000 0.039256
NC_045512. 1.029661 0.902099 0.243889 0.166184 0.039256 0.000000
    6
MH938450.1 0.000000 1.104370 1.085790 1.059255 1.060398 1.056271
NC_019843. 1.104370 0.000000 0.890672 0.888802 0.884209 0.884318
NC_004718. 1.085790 0.890672 0.000000 0.250224 0.248569 0.246757
MT072864.1 1.059255 0.888802 0.250224 0.000000 0.164838 0.165892
MN996532.1 1.060398 0.884209 0.248569 0.164838 0.000000 0.038464
NC_045512. 1.056271 0.884318 0.246757 0.165892 0.038464 0.000000
    6
MH938450.1 0.000000 1.096520 1.030373 1.035261 1.025743 1.018032
NC_019843. 1.096520 0.000000 0.892057 0.884448 0.879191 0.887497
NC_004718. 1.030373 0.892057 0.000000 0.256725 0.250196 0.248507
MT072864.1 1.035261 0.884448 0.256725 0.000000 0.168359 0.165777
MN996532.1 1.025743 0.879191 0.250196 0.168359 0.000000 0.039487
NC_045512. 1.018032 0.887497 0.248507 0.165777 0.039487 0.000000
    6
MH938450.1 0.000000 1.104739 1.058426 1.060920 1.060268 1.054769
NC_019843. 1.104739 0.000000 0.895522 0.889734 0.887831 0.888142
NC_004718. 1.058426 0.895522 0.000000 0.261289 0.251766 0.250186
MT072864.1 1.060920 0.889734 0.261289 0.000000 0.169617 0.168585
MN996532.1 1.060268 0.887831 0.251766 0.169617 0.000000 0.039641
NC_045512. 1.054769 0.888142 0.250186 0.168585 0.039641 0.000000
    6
MH938450.1 0.000000 1.106385 1.057573 1.039037 1.048148 1.041553
NC_019843. 1.106385 0.000000 0.877712 0.868625 0.879663 0.882825
NC_004718. 1.057573 0.877712 0.000000 0.255520 0.249479 0.248312
MT072864.1 1.039037 0.868625 0.255520 0.000000 0.162634 0.158820
MN996532.1 1.048148 0.879663 0.249479 0.162634 0.000000 0.038731
NC_045512. 1.041553 0.882825 0.248312 0.158820 0.038731 0.000000
    6
MH938450.1 0.000000 1.095540 1.043054 1.044792 1.045289 1.044261
NC_019843. 1.095540 0.000000 0.884673 0.891233 0.881573 0.885620
NC_004718. 1.043054 0.884673 0.000000 0.255730 0.251043 0.251310
MT072864.1 1.044792 0.891233 0.255730 0.000000 0.165151 0.163740
MN996532.1 1.045289 0.881573 0.251043 0.165151 0.000000 0.038576
NC_045512. 1.044261 0.885620 0.251310 0.163740 0.038576 0.000000
    6
MH938450.1 0.000000 1.083553 1.048608 1.027864 1.037269 1.037654
NC_019843. 1.083553 0.000000 0.881740 0.876013 0.877971 0.878968
NC_004718. 1.048608 0.881740 0.000000 0.253481 0.248409 0.244692
MT072864.1 1.027864 0.876013 0.253481 0.000000 0.169215 0.165918
MN996532.1 1.037269 0.877971 0.248409 0.169215 0.000000 0.038263
NC_045512. 1.037654 0.878968 0.244692 0.165918 0.038263 0.000000
    6
MH938450.1 0.000000 1.130273 1.064558 1.048693 1.028784 1.029504
NC_019843. 1.130273 0.000000 0.872733 0.865350 0.864237 0.864567
NC_004718. 1.064558 0.872733 0.000000 0.260814 0.253511 0.252118
MT072864.1 1.048693 0.865350 0.260814 0.000000 0.168382 0.168082
MN996532.1 1.028784 0.864237 0.253511 0.168382 0.000000 0.039575
NC_045512. 1.029504 0.864567 0.252118 0.168082 0.039575 0.000000
    6
MH938450.1 0.000000 1.114291 1.061325 1.041113 1.036679 1.029995
NC_019843. 1.114291 0.000000 0.883249 0.877702 0.869756 0.867590
NC_004718. 1.061325 0.883249 0.000000 0.257388 0.248371 0.247933
MT072864.1 1.041113 0.877702 0.257388 0.000000 0.167483 0.165743
MN996532.1 1.036679 0.869756 0.248371 0.167483 0.000000 0.038991
NC_045512. 1.029995 0.867590 0.247933 0.165743 0.038991 0.000000
    6
MH938450.1 0.000000 1.107955 1.081472 1.059828 1.048884 1.049894
NC_019843. 1.107955 0.000000 0.883500 0.891201 0.882785 0.879398
NC_004718. 1.081472 0.883500 0.000000 0.250793 0.248296 0.246362
MT072864.1 1.059828 0.891201 0.250793 0.000000 0.165413 0.164091
MN996532.1 1.048884 0.882785 0.248296 0.165413 0.000000 0.039794
NC_045512. 1.049894 0.879398 0.246362 0.164091 0.039794 0.000000
    6
MH938450.1 0.000000 1.115660 1.070488 1.082568 1.056488 1.050714
NC_019843. 1.115660 0.000000 0.896836 0.890688 0.890299 0.886778
NC_004718. 1.070488 0.896836 0.000000 0.263395 0.254603 0.252463
MT072864.1 1.082568 0.890688 0.263395 0.000000 0.167747 0.164917
MN996532.1 1.056488 0.890299 0.254603 0.167747 0.000000 0.039617
NC_045512. 1.050714 0.886778 0.252463 0.164917 0.039617 0.000000
    6
MH938450.1 0.000000 1.112269 1.070960 1.053326 1.069747 1.056343
NC_019843. 1.112269 0.000000 0.871815 0.882344 0.878999 0.873891
NC_004718. 1.070960 0.871815 0.000000 0.255090 0.247675 0.244623
MT072864.1 1.053326 0.882344 0.255090 0.000000 0.166276 0.164077
MN996532.1 1.069747 0.878999 0.247675 0.166276 0.000000 0.039447
NC_045512. 1.056343 0.873891 0.244623 0.164077 0.039447 0.000000
    6
MH938450.1 0.000000 1.094832 1.045429 1.041066 1.047761 1.038220
NC_019843. 1.094832 0.000000 0.878907 0.881486 0.872023 0.872225
NC_004718. 1.045429 0.878907 0.000000 0.255590 0.251960 0.248587
MT072864.1 1.041066 0.881486 0.255590 0.000000 0.171707 0.167389
MN996532.1 1.047761 0.872023 0.251960 0.171707 0.000000 0.040810
NC_045512. 1.038220 0.872225 0.248587 0.167389 0.040810 0.000000
    6
MH938450.1 0.000000 1.098047 1.067147 1.034764 1.023131 1.015980
NC_019843. 1.098047 0.000000 0.892414 0.871160 0.868603 0.869879
NC_004718. 1.067147 0.892414 0.000000 0.259907 0.251123 0.248529
MT072864.1 1.034764 0.871160 0.259907 0.000000 0.165863 0.163622
MN996532.1 1.023131 0.868603 0.251123 0.165863 0.000000 0.038421
NC_045512. 1.015980 0.869879 0.248529 0.163622 0.038421 0.000000
    6
MH938450.1 0.000000 1.117898 1.053536 1.044548 1.022197 1.021135
NC_019843. 1.117898 0.000000 0.866392 0.874646 0.875539 0.872837
NC_004718. 1.053536 0.866392 0.000000 0.254185 0.249986 0.248186
MT072864.1 1.044548 0.874646 0.254185 0.000000 0.167573 0.164162
MN996532.1 1.022197 0.875539 0.249986 0.167573 0.000000 0.038265
NC_045512. 1.021135 0.872837 0.248186 0.164162 0.038265 0.000000
    6
MH938450.1 0.000000 1.078450 1.073547 1.047470 1.057428 1.052292
NC_019843. 1.078450 0.000000 0.875007 0.870014 0.870404 0.866519
NC_004718. 1.073547 0.875007 0.000000 0.257391 0.254292 0.252094
MT072864.1 1.047470 0.870014 0.257391 0.000000 0.167052 0.163037
MN996532.1 1.057428 0.870404 0.254292 0.167052 0.000000 0.041267
NC_045512. 1.052292 0.866519 0.252094 0.163037 0.041267 0.000000
    6
MH938450.1 0.000000 1.122162 1.090159 1.074387 1.064650 1.053004
NC_019843. 1.122162 0.000000 0.930714 0.923012 0.917551 0.917446
NC_004718. 1.090159 0.930714 0.000000 0.257787 0.251426 0.251250
MT072864.1 1.074387 0.923012 0.257787 0.000000 0.165983 0.168316
MN996532.1 1.064650 0.917551 0.251426 0.165983 0.000000 0.039396
NC_045512. 1.053004 0.917446 0.251250 0.168316 0.039396 0.000000
    6
MH938450.1 0.000000 1.088318 1.062193 1.036790 1.043821 1.040328
NC_019843. 1.088318 0.000000 0.896499 0.884543 0.886082 0.888449
NC_004718. 1.062193 0.896499 0.000000 0.258882 0.252019 0.252234
MT072864.1 1.036790 0.884543 0.258882 0.000000 0.164598 0.163666
MN996532.1 1.043821 0.886082 0.252019 0.164598 0.000000 0.038923
NC_045512. 1.040328 0.888449 0.252234 0.163666 0.038923 0.000000
    6
MH938450.1 0.000000 1.108277 1.057985 1.043037 1.047258 1.042006
NC_019843. 1.108277 0.000000 0.881018 0.864182 0.863360 0.861419
NC_004718. 1.057985 0.881018 0.000000 0.255984 0.249156 0.249070
MT072864.1 1.043037 0.864182 0.255984 0.000000 0.167302 0.165356
MN996532.1 1.047258 0.863360 0.249156 0.167302 0.000000 0.038673
NC_045512. 1.042006 0.861419 0.249070 0.165356 0.038673 0.000000
    6
MH938450.1 0.000000 1.110163 1.087773 1.073447 1.062685 1.049591
NC_019843. 1.110163 0.000000 0.886579 0.884089 0.881538 0.875767
NC_004718. 1.087773 0.886579 0.000000 0.263167 0.253795 0.249690
MT072864.1 1.073447 0.884089 0.263167 0.000000 0.167973 0.165390
MN996532.1 1.062685 0.881538 0.253795 0.167973 0.000000 0.038734
NC_045512. 1.049591 0.875767 0.249690 0.165390 0.038734 0.000000
    6
MH938450.1 0.000000 1.074028 1.069327 1.054228 1.053567 1.041938
NC_019843. 1.074028 0.000000 0.898921 0.892759 0.893626 0.889090
NC_004718. 1.069327 0.898921 0.000000 0.248994 0.251885 0.248470
MT072864.1 1.054228 0.892759 0.248994 0.000000 0.172650 0.167316
MN996532.1 1.053567 0.893626 0.251885 0.172650 0.000000 0.040209
NC_045512. 1.041938 0.889090 0.248470 0.167316 0.040209 0.000000
    6
MH938450.1 0.000000 1.109934 1.083632 1.070986 1.062628 1.060452
NC_019843. 1.109934 0.000000 0.891413 0.873444 0.880313 0.881400
NC_004718. 1.083632 0.891413 0.000000 0.257622 0.251137 0.250882
MT072864.1 1.070986 0.873444 0.257622 0.000000 0.170552 0.168256
MN996532.1 1.062628 0.880313 0.251137 0.170552 0.000000 0.039128
NC_045512. 1.060452 0.881400 0.250882 0.168256 0.039128 0.000000
    6
MH938450.1 0.000000 1.113293 1.077336 1.054413 1.050968 1.043739
NC_019843. 1.113293 0.000000 0.887970 0.878991 0.868684 0.873520
NC_004718. 1.077336 0.887970 0.000000 0.259233 0.252193 0.252603
MT072864.1 1.054413 0.878991 0.259233 0.000000 0.172522 0.170401
MN996532.1 1.050968 0.868684 0.252193 0.172522 0.000000 0.039329
NC_045512. 1.043739 0.873520 0.252603 0.170401 0.039329 0.000000
    6
MH938450.1 0.000000 1.126691 1.063895 1.030916 1.039981 1.035672
NC_019843. 1.126691 0.000000 0.875771 0.879575 0.873221 0.875874
NC_004718. 1.063895 0.875771 0.000000 0.257102 0.249108 0.245376
MT072864.1 1.030916 0.879575 0.257102 0.000000 0.169414 0.166388
MN996532.1 1.039981 0.873221 0.249108 0.169414 0.000000 0.038993
NC_045512. 1.035672 0.875874 0.245376 0.166388 0.038993 0.000000
    6
MH938450.1 0.000000 1.128462 1.068424 1.053049 1.046843 1.038601
NC_019843. 1.128462 0.000000 0.884949 0.883089 0.883730 0.882285
NC_004718. 1.068424 0.884949 0.000000 0.259552 0.259616 0.255355
MT072864.1 1.053049 0.883089 0.259552 0.000000 0.172491 0.167354
MN996532.1 1.046843 0.883730 0.259616 0.172491 0.000000 0.041377
NC_045512. 1.038601 0.882285 0.255355 0.167354 0.041377 0.000000
    6
MH938450.1 0.000000 1.090528 1.085089 1.074525 1.064917 1.058657
NC_019843. 1.090528 0.000000 0.874716 0.875550 0.881170 0.878548
NC_004718. 1.085089 0.874716 0.000000 0.252149 0.250451 0.248411
MT072864.1 1.074525 0.875550 0.252149 0.000000 0.165132 0.162639
MN996532.1 1.064917 0.881170 0.250451 0.165132 0.000000 0.039448
NC_045512. 1.058657 0.878548 0.248411 0.162639 0.039448 0.000000
    6
MH938450.1 0.000000 1.076117 1.033866 1.029490 1.032155 1.030787
NC_019843. 1.076117 0.000000 0.879731 0.879533 0.878348 0.875595
NC_004718. 1.033866 0.879731 0.000000 0.253942 0.249704 0.246444
MT072864.1 1.029490 0.879533 0.253942 0.000000 0.166617 0.165912
MN996532.1 1.032155 0.878348 0.249704 0.166617 0.000000 0.039192
NC_045512. 1.030787 0.875595 0.246444 0.165912 0.039192 0.000000
    6
MH938450.1 0.000000 1.119231 1.053776 1.055874 1.049300 1.053400
NC_019843. 1.119231 0.000000 0.896472 0.901197 0.898930 0.894937
NC_004718. 1.053776 0.896472 0.000000 0.256297 0.251301 0.249774
MT072864.1 1.055874 0.901197 0.256297 0.000000 0.170355 0.169843
MN996532.1 1.049300 0.898930 0.251301 0.170355 0.000000 0.037102
NC_045512. 1.053400 0.894937 0.249774 0.169843 0.037102 0.000000
    6
MH938450.1 0.000000 1.095269 1.054062 1.046311 1.042987 1.035718
NC_019843. 1.095269 0.000000 0.879625 0.878201 0.878434 0.879400
NC_004718. 1.054062 0.879625 0.000000 0.248611 0.248532 0.247533
MT072864.1 1.046311 0.878201 0.248611 0.000000 0.172997 0.166864
MN996532.1 1.042987 0.878434 0.248532 0.172997 0.000000 0.040198
NC_045512. 1.035718 0.879400 0.247533 0.166864 0.040198 0.000000
    6
MH938450.1 0.000000 1.115993 1.062648 1.052887 1.053337 1.051531
NC_019843. 1.115993 0.000000 0.870018 0.874107 0.872480 0.871246
NC_004718. 1.062648 0.870018 0.000000 0.255641 0.248034 0.246312
MT072864.1 1.052887 0.874107 0.255641 0.000000 0.166186 0.165757
MN996532.1 1.053337 0.872480 0.248034 0.166186 0.000000 0.039042
NC_045512. 1.051531 0.871246 0.246312 0.165757 0.039042 0.000000
    6
MH938450.1 0.000000 1.119681 1.105543 1.078345 1.077975 1.070971
NC_019843. 1.119681 0.000000 0.878493 0.886305 0.886287 0.884444
NC_004718. 1.105543 0.878493 0.000000 0.253323 0.249554 0.246463
MT072864.1 1.078345 0.886305 0.253323 0.000000 0.166078 0.164467
MN996532.1 1.077975 0.886287 0.249554 0.166078 0.000000 0.038303
NC_045512. 1.070971 0.884444 0.246463 0.164467 0.038303 0.000000
    6
MH938450.1 0.000000 1.110320 1.082476 1.048894 1.046671 1.043867
NC_019843. 1.110320 0.000000 0.874282 0.878538 0.871391 0.872940
NC_004718. 1.082476 0.874282 0.000000 0.254441 0.249084 0.245714
MT072864.1 1.048894 0.878538 0.254441 0.000000 0.167832 0.166678
MN996532.1 1.046671 0.871391 0.249084 0.167832 0.000000 0.037389
NC_045512. 1.043867 0.872940 0.245714 0.166678 0.037389 0.000000
    6
MH938450.1 0.000000 1.084116 1.086459 1.063008 1.057597 1.057539
NC_019843. 1.084116 0.000000 0.884095 0.903747 0.881310 0.885915
NC_004718. 1.086459 0.884095 0.000000 0.256833 0.248644 0.246763
MT072864.1 1.063008 0.903747 0.256833 0.000000 0.167394 0.165730
MN996532.1 1.057597 0.881310 0.248644 0.167394 0.000000 0.040665
NC_045512. 1.057539 0.885915 0.246763 0.165730 0.040665 0.000000
    6
MH938450.1 0.000000 1.111660 1.058336 1.030022 1.029783 1.021306
NC_019843. 1.111660 0.000000 0.864329 0.867347 0.867612 0.864240
NC_004718. 1.058336 0.864329 0.000000 0.255475 0.252255 0.252007
MT072864.1 1.030022 0.867347 0.255475 0.000000 0.166096 0.165787
MN996532.1 1.029783 0.867612 0.252255 0.166096 0.000000 0.040330
NC_045512. 1.021306 0.864240 0.252007 0.165787 0.040330 0.000000
    6
MH938450.1 0.000000 1.106076 1.063825 1.058203 1.046780 1.041327
NC_019843. 1.106076 0.000000 0.877105 0.873325 0.864947 0.864962
NC_004718. 1.063825 0.877105 0.000000 0.254227 0.248249 0.246334
MT072864.1 1.058203 0.873325 0.254227 0.000000 0.165813 0.164645
MN996532.1 1.046780 0.864947 0.248249 0.165813 0.000000 0.039874
NC_045512. 1.041327 0.864962 0.246334 0.164645 0.039874 0.000000
    6
MH938450.1 0.000000 1.111403 1.056811 1.044149 1.053819 1.044973
NC_019843. 1.111403 0.000000 0.875878 0.889028 0.879701 0.876049
NC_004718. 1.056811 0.875878 0.000000 0.260709 0.254728 0.253064
MT072864.1 1.044149 0.889028 0.260709 0.000000 0.169666 0.166880
MN996532.1 1.053819 0.879701 0.254728 0.169666 0.000000 0.039979
NC_045512. 1.044973 0.876049 0.253064 0.166880 0.039979 0.000000
    6
MH938450.1 0.000000 1.123648 1.070293 1.060092 1.064759 1.053911
NC_019843. 1.123648 0.000000 0.902664 0.897581 0.892910 0.896399
NC_004718. 1.070293 0.902664 0.000000 0.256908 0.248320 0.248895
MT072864.1 1.060092 0.897581 0.256908 0.000000 0.170421 0.169657
MN996532.1 1.064759 0.892910 0.248320 0.170421 0.000000 0.038926
NC_045512. 1.053911 0.896399 0.248895 0.169657 0.038926 0.000000
    6
MH938450.1 0.000000 1.091293 1.072486 1.035542 1.033835 1.035781
NC_019843. 1.091293 0.000000 0.862675 0.868460 0.868562 0.866260
NC_004718. 1.072486 0.862675 0.000000 0.258672 0.256912 0.255321
MT072864.1 1.035542 0.868460 0.258672 0.000000 0.168692 0.163948
MN996532.1 1.033835 0.868562 0.256912 0.168692 0.000000 0.039888
NC_045512. 1.035781 0.866260 0.255321 0.163948 0.039888 0.000000
    6
MH938450.1 0.000000 1.097737 1.058907 1.066361 1.060793 1.053733
NC_019843. 1.097737 0.000000 0.873529 0.874771 0.870697 0.866321
NC_004718. 1.058907 0.873529 0.000000 0.256554 0.250129 0.246645
MT072864.1 1.066361 0.874771 0.256554 0.000000 0.169209 0.167247
MN996532.1 1.060793 0.870697 0.250129 0.169209 0.000000 0.038597
NC_045512. 1.053733 0.866321 0.246645 0.167247 0.038597 0.000000
    6
MH938450.1 0.000000 1.112160 1.075058 1.042289 1.046958 1.038771
NC_019843. 1.112160 0.000000 0.878964 0.888532 0.887757 0.874171
NC_004718. 1.075058 0.878964 0.000000 0.251426 0.248537 0.244513
MT072864.1 1.042289 0.888532 0.251426 0.000000 0.165571 0.161615
MN996532.1 1.046958 0.887757 0.248537 0.165571 0.000000 0.039470
NC_045512. 1.038771 0.874171 0.244513 0.161615 0.039470 0.000000
    6
MH938450.1 0.000000 1.089860 1.026019 1.025771 1.027145 1.019565
NC_019843. 1.089860 0.000000 0.885598 0.876825 0.878682 0.880415
NC_004718. 1.026019 0.885598 0.000000 0.251042 0.248298 0.244415
MT072864.1 1.025771 0.876825 0.251042 0.000000 0.169167 0.167642
MN996532.1 1.027145 0.878682 0.248298 0.169167 0.000000 0.039053
NC_045512. 1.019565 0.880415 0.244415 0.167642 0.039053 0.000000
    6
MH938450.1 0.000000 1.125156 1.068750 1.054554 1.049606 1.050922
NC_019843. 1.125156 0.000000 0.886343 0.884555 0.882720 0.883892
NC_004718. 1.068750 0.886343 0.000000 0.253690 0.247040 0.243413
MT072864.1 1.054554 0.884555 0.253690 0.000000 0.168998 0.166552
MN996532.1 1.049606 0.882720 0.247040 0.168998 0.000000 0.039329
NC_045512. 1.050922 0.883892 0.243413 0.166552 0.039329 0.000000
    6
MH938450.1 0.000000 1.113727 1.050890 1.052947 1.037566 1.024140
NC_019843. 1.113727 0.000000 0.879207 0.877620 0.871875 0.862153
NC_004718. 1.050890 0.879207 0.000000 0.259257 0.255670 0.251926
MT072864.1 1.052947 0.877620 0.259257 0.000000 0.170249 0.164403
MN996532.1 1.037566 0.871875 0.255670 0.170249 0.000000 0.040414
NC_045512. 1.024140 0.862153 0.251926 0.164403 0.040414 0.000000
    6
MH938450.1 0.000000 1.089768 1.071545 1.065966 1.072684 1.063109
NC_019843. 1.089768 0.000000 0.891459 0.875466 0.883214 0.885212
NC_004718. 1.071545 0.891459 0.000000 0.251569 0.248168 0.243603
MT072864.1 1.065966 0.875466 0.251569 0.000000 0.162400 0.161916
MN996532.1 1.072684 0.883214 0.248168 0.162400 0.000000 0.038080
NC_045512. 1.063109 0.885212 0.243603 0.161916 0.038080 0.000000
    6
MH938450.1 0.000000 1.095567 1.076941 1.059456 1.063382 1.059943
NC_019843. 1.095567 0.000000 0.891094 0.883158 0.874170 0.873322
NC_004718. 1.076941 0.891094 0.000000 0.256408 0.248956 0.247067
MT072864.1 1.059456 0.883158 0.256408 0.000000 0.169632 0.168559
MN996532.1 1.063382 0.874170 0.248956 0.169632 0.000000 0.042203
NC_045512. 1.059943 0.873322 0.247067 0.168559 0.042203 0.000000
    6
MH938450.1 0.000000 1.087642 1.051753 1.039128 1.054352 1.043564
NC_019843. 1.087642 0.000000 0.882738 0.878324 0.871525 0.875740
NC_004718. 1.051753 0.882738 0.000000 0.258620 0.256376 0.255240
MT072864.1 1.039128 0.878324 0.258620 0.000000 0.167102 0.167205
MN996532.1 1.054352 0.871525 0.256376 0.167102 0.000000 0.039628
NC_045512. 1.043564 0.875740 0.255240 0.167205 0.039628 0.000000
    6
MH938450.1 0.000000 1.135604 1.101029 1.087900 1.064513 1.069273
NC_019843. 1.135604 0.000000 0.888698 0.882674 0.891591 0.886681
NC_004718. 1.101029 0.888698 0.000000 0.256103 0.253686 0.250772
MT072864.1 1.087900 0.882674 0.256103 0.000000 0.167949 0.167664
MN996532.1 1.064513 0.891591 0.253686 0.167949 0.000000 0.039778
NC_045512. 1.069273 0.886681 0.250772 0.167664 0.039778 0.000000
    6
MH938450.1 0.000000 1.100479 1.059730 1.045492 1.028414 1.025876
NC_019843. 1.100479 0.000000 0.904103 0.895465 0.890299 0.889139
NC_004718. 1.059730 0.904103 0.000000 0.249300 0.246590 0.242497
MT072864.1 1.045492 0.895465 0.249300 0.000000 0.167449 0.163845
MN996532.1 1.028414 0.890299 0.246590 0.167449 0.000000 0.040205
NC_045512. 1.025876 0.889139 0.242497 0.163845 0.040205 0.000000
    6
MH938450.1 0.000000 1.101780 1.057560 1.049340 1.039960 1.030931
NC_019843. 1.101780 0.000000 0.877241 0.870088 0.866506 0.865361
NC_004718. 1.057560 0.877241 0.000000 0.260046 0.250590 0.248639
MT072864.1 1.049340 0.870088 0.260046 0.000000 0.171770 0.167650
MN996532.1 1.039960 0.866506 0.250590 0.171770 0.000000 0.038806
NC_045512. 1.030931 0.865361 0.248639 0.167650 0.038806 0.000000
    6
MH938450.1 0.000000 1.087853 1.067823 1.049844 1.040649 1.036765
NC_019843. 1.087853 0.000000 0.876060 0.864837 0.874065 0.870261
NC_004718. 1.067823 0.876060 0.000000 0.256696 0.252843 0.247559
MT072864.1 1.049844 0.864837 0.256696 0.000000 0.167697 0.165031
MN996532.1 1.040649 0.874065 0.252843 0.167697 0.000000 0.037665
NC_045512. 1.036765 0.870261 0.247559 0.165031 0.037665 0.000000
    6
MH938450.1 0.000000 1.129840 1.086788 1.071123 1.059299 1.050460
NC_019843. 1.129840 0.000000 0.889795 0.887622 0.886995 0.883677
NC_004718. 1.086788 0.889795 0.000000 0.262915 0.249920 0.246267
MT072864.1 1.071123 0.887622 0.262915 0.000000 0.168787 0.165780
MN996532.1 1.059299 0.886995 0.249920 0.168787 0.000000 0.038416
NC_045512. 1.050460 0.883677 0.246267 0.165780 0.038416 0.000000
    6
MH938450.1 0.000000 1.139603 1.074664 1.046413 1.052476 1.043473
NC_019843. 1.139603 0.000000 0.897974 0.884202 0.883454 0.883298
NC_004718. 1.074664 0.897974 0.000000 0.263765 0.258664 0.254533
MT072864.1 1.046413 0.884202 0.263765 0.000000 0.168161 0.167029
MN996532.1 1.052476 0.883454 0.258664 0.168161 0.000000 0.040777
NC_045512. 1.043473 0.883298 0.254533 0.167029 0.040777 0.000000
    6
MH938450.1 0.000000 1.131129 1.091720 1.059246 1.067996 1.059894
NC_019843. 1.131129 0.000000 0.877562 0.868205 0.872823 0.870227
NC_004718. 1.091720 0.877562 0.000000 0.256056 0.250540 0.249000
MT072864.1 1.059246 0.868205 0.256056 0.000000 0.164576 0.163005
MN996532.1 1.067996 0.872823 0.250540 0.164576 0.000000 0.040023
NC_045512. 1.059894 0.870227 0.249000 0.163005 0.040023 0.000000
    6
MH938450.1 0.000000 1.134985 1.070458 1.057201 1.058954 1.051184
NC_019843. 1.134985 0.000000 0.895002 0.884550 0.901330 0.901185
NC_004718. 1.070458 0.895002 0.000000 0.252903 0.251158 0.247242
MT072864.1 1.057201 0.884550 0.252903 0.000000 0.170887 0.166723
MN996532.1 1.058954 0.901330 0.251158 0.170887 0.000000 0.038522
NC_045512. 1.051184 0.901185 0.247242 0.166723 0.038522 0.000000
    6
MH938450.1 0.000000 1.122321 1.062028 1.050840 1.040656 1.040062
NC_019843. 1.122321 0.000000 0.892698 0.873328 0.891417 0.887953
NC_004718. 1.062028 0.892698 0.000000 0.264558 0.257659 0.255799
MT072864.1 1.050840 0.873328 0.264558 0.000000 0.168626 0.166696
MN996532.1 1.040656 0.891417 0.257659 0.168626 0.000000 0.039130
NC_045512. 1.040062 0.887953 0.255799 0.166696 0.039130 0.000000
    6
MH938450.1 0.000000 1.092224 1.046601 1.037212 1.038761 1.033025
NC_019843. 1.092224 0.000000 0.879125 0.873871 0.877937 0.871269
NC_004718. 1.046601 0.879125 0.000000 0.253846 0.251130 0.247032
MT072864.1 1.037212 0.873871 0.253846 0.000000 0.167451 0.163270
MN996532.1 1.038761 0.877937 0.251130 0.167451 0.000000 0.039510
NC_045512. 1.033025 0.871269 0.247032 0.163270 0.039510 0.000000
    6
MH938450.1 0.000000 1.131195 1.083936 1.054645 1.054679 1.044789
NC_019843. 1.131195 0.000000 0.894712 0.889476 0.889512 0.893933
NC_004718. 1.083936 0.894712 0.000000 0.255726 0.249873 0.247035
MT072864.1 1.054645 0.889476 0.255726 0.000000 0.167499 0.165939
MN996532.1 1.054679 0.889512 0.249873 0.167499 0.000000 0.038764
NC_045512. 1.044789 0.893933 0.247035 0.165939 0.038764 0.000000
    6
MH938450.1 0.000000 1.132029 1.070039 1.064804 1.062224 1.048113
NC_019843. 1.132029 0.000000 0.897209 0.891647 0.874896 0.881042
NC_004718. 1.070039 0.897209 0.000000 0.255829 0.258334 0.257590
MT072864.1 1.064804 0.891647 0.255829 0.000000 0.170351 0.170028
MN996532.1 1.062224 0.874896 0.258334 0.170351 0.000000 0.039930
NC_045512. 1.048113 0.881042 0.257590 0.170028 0.039930 0.000000
    6
MH938450.1 0.000000 1.092165 1.073361 1.040528 1.041069 1.035913
NC_019843. 1.092165 0.000000 0.884092 0.875348 0.875819 0.874673
NC_004718. 1.073361 0.884092 0.000000 0.252664 0.249716 0.248554
MT072864.1 1.040528 0.875348 0.252664 0.000000 0.165243 0.161438
MN996532.1 1.041069 0.875819 0.249716 0.165243 0.000000 0.038641
NC_045512. 1.035913 0.874673 0.248554 0.161438 0.038641 0.000000
    6
MH938450.1 0.000000 1.123079 1.082695 1.061193 1.054742 1.047676
NC_019843. 1.123079 0.000000 0.879441 0.876975 0.870260 0.869766
NC_004718. 1.082695 0.879441 0.000000 0.258379 0.255072 0.251108
MT072864.1 1.061193 0.876975 0.258379 0.000000 0.166788 0.164680
MN996532.1 1.054742 0.870260 0.255072 0.166788 0.000000 0.039556
NC_045512. 1.047676 0.869766 0.251108 0.164680 0.039556 0.000000
    6
MH938450.1 0.000000 1.122632 1.097389 1.085057 1.070250 1.065099
NC_019843. 1.122632 0.000000 0.874036 0.887146 0.884913 0.883025
NC_004718. 1.097389 0.874036 0.000000 0.258836 0.253126 0.251759
MT072864.1 1.085057 0.887146 0.258836 0.000000 0.170475 0.169674
MN996532.1 1.070250 0.884913 0.253126 0.170475 0.000000 0.039968
NC_045512. 1.065099 0.883025 0.251759 0.169674 0.039968 0.000000
    6
MH938450.1 0.000000 1.126467 1.073094 1.053155 1.053167 1.047823
NC_019843. 1.126467 0.000000 0.883630 0.876122 0.875869 0.872674
NC_004718. 1.073094 0.883630 0.000000 0.262288 0.260131 0.255631
MT072864.1 1.053155 0.876122 0.262288 0.000000 0.172034 0.170499
MN996532.1 1.053167 0.875869 0.260131 0.172034 0.000000 0.039827
NC_045512. 1.047823 0.872674 0.255631 0.170499 0.039827 0.000000
    6
MH938450.1 0.000000 1.113285 1.091185 1.077971 1.073781 1.068056
NC_019843. 1.113285 0.000000 0.889140 0.877566 0.891591 0.884710
NC_004718. 1.091185 0.889140 0.000000 0.264498 0.255736 0.254075
MT072864.1 1.077971 0.877566 0.264498 0.000000 0.167100 0.166500
MN996532.1 1.073781 0.891591 0.255736 0.167100 0.000000 0.039340
NC_045512. 1.068056 0.884710 0.254075 0.166500 0.039340 0.000000
    6
MH938450.1 0.000000 1.123254 1.086427 1.068359 1.072257 1.071188
NC_019843. 1.123254 0.000000 0.896329 0.876760 0.882393 0.877869
NC_004718. 1.086427 0.896329 0.000000 0.260580 0.253670 0.252450
MT072864.1 1.068359 0.876760 0.260580 0.000000 0.167421 0.162941
MN996532.1 1.072257 0.882393 0.253670 0.167421 0.000000 0.039255
NC_045512. 1.071188 0.877869 0.252450 0.162941 0.039255 0.000000
    6
MH938450.1 0.000000 1.107899 1.071041 1.078677 1.052996 1.041200
NC_019843. 1.107899 0.000000 0.882576 0.879104 0.877656 0.874126
NC_004718. 1.071041 0.882576 0.000000 0.255910 0.247708 0.244507
MT072864.1 1.078677 0.879104 0.255910 0.000000 0.168067 0.165752
MN996532.1 1.052996 0.877656 0.247708 0.168067 0.000000 0.040610
NC_045512. 1.041200 0.874126 0.244507 0.165752 0.040610 0.000000
    6
MH938450.1 0.000000 1.138326 1.021557 1.030030 1.015035 1.009456
NC_019843. 1.138326 0.000000 0.882001 0.882180 0.876783 0.879695
NC_004718. 1.021557 0.882001 0.000000 0.253175 0.246497 0.242367
MT072864.1 1.030030 0.882180 0.253175 0.000000 0.162167 0.159396
MN996532.1 1.015035 0.876783 0.246497 0.162167 0.000000 0.039880
NC_045512. 1.009456 0.879695 0.242367 0.159396 0.039880 0.000000
    6
MH938450.1 0.000000 1.108984 1.057180 1.039458 1.034463 1.032372
NC_019843. 1.108984 0.000000 0.887050 0.877875 0.873437 0.873087
NC_004718. 1.057180 0.887050 0.000000 0.258157 0.252840 0.250217
MT072864.1 1.039458 0.877875 0.258157 0.000000 0.169939 0.169032
MN996532.1 1.034463 0.873437 0.252840 0.169939 0.000000 0.038244
NC_045512. 1.032372 0.873087 0.250217 0.169032 0.038244 0.000000
    6
MH938450.1 0.000000 1.108699 1.056963 1.050093 1.033228 1.036308
NC_019843. 1.108699 0.000000 0.885788 0.888396 0.880333 0.879318
NC_004718. 1.056963 0.885788 0.000000 0.257508 0.247937 0.245788
MT072864.1 1.050093 0.888396 0.257508 0.000000 0.168223 0.167419
MN996532.1 1.033228 0.880333 0.247937 0.168223 0.000000 0.038825
NC_045512. 1.036308 0.879318 0.245788 0.167419 0.038825 0.000000
